HGNC:21197	0.031916	0.009901	0
HGNC:8820	0.000546	0.019802	1
HGNC:8607	0.000518	0.029703	2
HGNC:8960	0.000505	0.039604	3
HGNC:8777	0.000502	0.049505	4
HGNC:8881	0.000471	0.059406	5
HGNC:8983	0.000448	0.069307	6
HGNC:8636	0.000407	0.079208	7
HGNC:8794	0.000387	0.089109	8
HGNC:8943	0.000376	0.099010	9
HGNC:8896	0.000373	0.108911	10
HGNC:8857	0.000363	0.118812	11
HGNC:8851	0.000356	0.128713	12
HGNC:8923	0.000336	0.138614	13
HGNC:8957	0.000335	0.148515	14
HGNC:8853	0.000332	0.158416	15
HGNC:8980	0.000327	0.168317	16
HGNC:8967	0.000326	0.178218	17
HGNC:8855	0.000325	0.188119	18
HGNC:8654	0.000322	0.198020	19
HGNC:8860	0.000322	0.207921	20
HGNC:8854	0.000321	0.217822	21
HGNC:8858	0.000316	0.227723	22
HGNC:8859	0.000311	0.237624	23
HGNC:8959	0.000310	0.247525	24
HGNC:8653	0.000305	0.257426	25
HGNC:8856	0.000305	0.267327	26
HGNC:8811	0.000302	0.277228	27
HGNC:8965	0.000289	0.287129	28
HGNC:8964	0.000285	0.297030	29
HGNC:8621	0.000284	0.306931	30
HGNC:8657	0.000284	0.316832	31
HGNC:8646	0.000281	0.326733	32
HGNC:8966	0.000273	0.336634	33
HGNC:8818	0.000271	0.346535	34
HGNC:8609	0.000266	0.356436	35
HGNC:8926	0.000262	0.366337	36
HGNC:8931	0.000259	0.376238	37
HGNC:8632	0.000259	0.386139	38
HGNC:8975	0.000257	0.396040	39
HGNC:8940	0.000247	0.405941	40
HGNC:8977	0.000245	0.415842	41
HGNC:8617	0.000244	0.425743	42
HGNC:8971	0.000240	0.435644	43
HGNC:8615	0.000240	0.445545	44
HGNC:8783	0.000239	0.455446	45
HGNC:21071	0.000230	0.465347	46
HGNC:8622	0.000228	0.475248	47
HGNC:8907	0.000218	0.485149	48
HGNC:8620	0.000200	0.495050	49
HGNC:21143	0.000172	0.504950	50
HGNC:8918	0.000158	0.514851	51
HGNC:8616	0.000158	0.524752	52
HGNC:8941	0.000153	0.534653	53
HGNC:8999	0.000102	0.544554	54
HGNC:8785	0.000084	0.554455	55
HGNC:8979	0.000071	0.564356	56
HGNC:8786	0.000043	0.574257	57
HGNC:8905	-0.000065	0.584158	58
HGNC:8824	-0.000108	0.594059	59
HGNC:8927	-0.000116	0.603960	60
HGNC:8819	-0.000125	0.613861	61
HGNC:8877	-0.000137	0.623762	62
HGNC:8816	-0.000212	0.633663	63
HGNC:21081	-0.000212	0.643564	64
HGNC:8778	-0.000228	0.653465	65
HGNC:8618	-0.000235	0.663366	66
HGNC:8925	-0.000246	0.673267	67
HGNC:8889	-0.000308	0.683168	68
HGNC:8790	-0.000333	0.693069	69
HGNC:21080	-0.000363	0.702970	70
HGNC:8795	-0.000366	0.712871	71
HGNC:8973	-0.000366	0.722772	72
HGNC:8638	-0.000366	0.732673	73
HGNC:8604	-0.000367	0.742574	74
HGNC:8623	-0.000468	0.752475	75
HGNC:8659	-0.000707	0.762376	76
HGNC:8996	-0.000748	0.772277	77
HGNC:35412	-0.001420	0.782178	78
HGNC:8661	-0.001433	0.792079	79
HGNC:8670	-0.001433	0.801980	80
HGNC:8672	-0.001433	0.811881	81
HGNC:8676	-0.001433	0.821782	82
HGNC:8671	-0.001433	0.831683	83
HGNC:8673	-0.001433	0.841584	84
HGNC:8674	-0.001433	0.851485	85
HGNC:8675	-0.001433	0.861386	86
HGNC:8668	-0.001433	0.871287	87
HGNC:8666	-0.001433	0.881188	88
HGNC:8669	-0.001433	0.891089	89
HGNC:8667	-0.001433	0.900990	90
HGNC:8665	-0.001433	0.910891	91
HGNC:8664	-0.001433	0.920792	92
HGNC:49911	-0.001433	0.930693	93
HGNC:8663	-0.001433	0.940594	94
HGNC:8651	-0.001469	0.950495	95
HGNC:8602	-0.001856	0.960396	96
HGNC:21088	-0.002466	0.970297	97
HGNC:8864	-0.002638	0.980198	98
HGNC:8952	-0.004717	0.990099	99
HGNC:8997	-0.004934	1.000000	100
