HGNC:21106	1730.453310	0.010989	0
HGNC:21113	1.000000	0.021978	1
HGNC:21102	1.000000	0.032967	2
HGNC:21239	1.000000	0.043956	3
HGNC:21238	1.000000	0.054945	4
HGNC:21263	0.909873	0.065934	5
HGNC:21213	0.790879	0.076923	6
HGNC:21203	0.719648	0.087912	7
HGNC:21197	0.680781	0.098901	8
HGNC:21207	0.678777	0.109890	9
HGNC:21206	0.678777	0.120879	10
HGNC:21214	0.660239	0.131868	11
HGNC:21185	0.625218	0.142857	12
HGNC:21256	0.614619	0.153846	13
HGNC:21232	0.614619	0.164835	14
HGNC:21205	0.613016	0.175824	15
HGNC:21144	0.602941	0.186813	16
HGNC:21253	0.598185	0.197802	17
HGNC:21147	0.569611	0.208791	18
HGNC:21154	0.542177	0.219780	19
HGNC:21114	0.530624	0.230769	20
HGNC:21169	0.505349	0.241758	21
HGNC:21153	0.503616	0.252747	22
HGNC:21226	0.499450	0.263736	23
HGNC:21244	0.482062	0.274725	24
HGNC:21159	0.475629	0.285714	25
HGNC:21168	0.474537	0.296703	26
HGNC:21108	0.435503	0.307692	27
HGNC:21246	0.424409	0.318681	28
HGNC:21101	0.423912	0.329670	29
HGNC:21199	0.417803	0.340659	30
HGNC:21100	0.404006	0.351648	31
HGNC:21231	0.402965	0.362637	32
HGNC:21180	0.402965	0.373626	33
HGNC:21162	0.402965	0.384615	34
HGNC:21224	0.399255	0.395604	35
HGNC:21146	0.393539	0.406593	36
HGNC:21200	0.391836	0.417582	37
HGNC:21143	0.391836	0.428571	38
HGNC:21211	0.391836	0.439560	39
HGNC:21109	0.391836	0.450549	40
HGNC:21193	0.391836	0.461538	41
HGNC:21167	0.387159	0.472527	42
HGNC:21209	0.386934	0.483516	43
HGNC:21155	0.383100	0.494505	44
HGNC:21150	0.375573	0.505495	45
HGNC:21198	0.375469	0.516484	46
HGNC:21148	0.374828	0.527473	47
HGNC:21151	0.373643	0.538462	48
HGNC:21166	0.369094	0.549451	49
HGNC:21163	0.365856	0.560440	50
HGNC:21220	0.365245	0.571429	51
HGNC:21268	0.365010	0.582418	52
HGNC:21145	0.364451	0.593407	53
HGNC:21219	0.363738	0.604396	54
HGNC:21218	0.363530	0.615385	55
HGNC:21215	0.362481	0.626374	56
HGNC:21158	0.360206	0.637363	57
HGNC:21177	0.359950	0.648352	58
HGNC:21161	0.357230	0.659341	59
HGNC:21208	0.356477	0.670330	60
HGNC:21175	0.356157	0.681319	61
HGNC:21202	0.356123	0.692308	62
HGNC:21107	0.355334	0.703297	63
HGNC:21251	0.355233	0.714286	64
HGNC:21194	0.353049	0.725275	65
HGNC:21186	0.351107	0.736264	66
HGNC:21259	0.350919	0.747253	67
HGNC:21204	0.349971	0.758242	68
HGNC:21165	0.349477	0.769231	69
HGNC:21184	0.348347	0.780220	70
HGNC:21181	0.346036	0.791209	71
HGNC:21247	0.343648	0.802198	72
HGNC:21269	0.340796	0.813187	73
HGNC:21225	0.338353	0.824176	74
HGNC:21237	0.337974	0.835165	75
HGNC:21222	0.337574	0.846154	76
HGNC:21173	0.337423	0.857143	77
HGNC:21156	0.334286	0.868132	78
HGNC:21191	0.331051	0.879121	79
HGNC:21265	0.327526	0.890110	80
HGNC:21257	0.327526	0.901099	81
HGNC:21115	0.320477	0.912088	82
HGNC:21176	0.320477	0.923077	83
HGNC:21172	0.320477	0.934066	84
HGNC:21248	0.320477	0.945055	85
HGNC:21245	0.320477	0.956044	86
HGNC:21182	0.318677	0.967033	87
HGNC:21157	0.281222	0.978022	88
HGNC:21111	0.232993	0.989011	89
HGNC:21234	0.232993	1.000000	90
