HGNC:21106	607.048037	0.005000	0
HGNC:21238	1.000000	0.010000	1
HGNC:21239	0.879251	0.015000	2
HGNC:21102	0.797874	0.020000	3
HGNC:21221	0.758502	0.025000	4
HGNC:21263	0.710738	0.030000	5
HGNC:21174	0.702514	0.035000	6
HGNC:21152	0.702514	0.040000	7
HGNC:21192	0.702514	0.045000	8
HGNC:21113	0.701494	0.050000	9
HGNC:21149	0.690466	0.055000	10
HGNC:21207	0.678777	0.060000	11
HGNC:21206	0.678777	0.065000	12
HGNC:21253	0.610487	0.070000	13
HGNC:21256	0.580637	0.075000	14
HGNC:21208	0.557490	0.080000	15
HGNC:21146	0.548027	0.085000	16
HGNC:21248	0.539490	0.090000	17
HGNC:21209	0.530433	0.095000	18
HGNC:21205	0.506609	0.100000	19
HGNC:21226	0.499450	0.105000	20
HGNC:21259	0.497226	0.110000	21
HGNC:21111	0.495747	0.115000	22
HGNC:21193	0.483891	0.120000	23
HGNC:21173	0.478726	0.125000	24
HGNC:21107	0.475798	0.130000	25
HGNC:21101	0.475757	0.135000	26
HGNC:21194	0.465638	0.140000	27
HGNC:21245	0.465141	0.145000	28
HGNC:21231	0.459020	0.150000	29
HGNC:21214	0.454502	0.155000	30
HGNC:21114	0.447038	0.160000	31
HGNC:21244	0.445510	0.165000	32
HGNC:21197	0.438632	0.170000	33
HGNC:21169	0.433614	0.175000	34
HGNC:21203	0.428434	0.180000	35
HGNC:21153	0.427525	0.185000	36
HGNC:21216	0.425460	0.190000	37
HGNC:21182	0.419729	0.195000	38
HGNC:21222	0.419710	0.200000	39
HGNC:21109	0.415765	0.205000	40
HGNC:21168	0.410107	0.210000	41
HGNC:21147	0.409975	0.215000	42
HGNC:21145	0.406566	0.220000	43
HGNC:21232	0.404923	0.225000	44
HGNC:21180	0.402965	0.230000	45
HGNC:21191	0.396747	0.235000	46
HGNC:21115	0.394492	0.240000	47
HGNC:21167	0.387159	0.245000	48
HGNC:21200	0.385753	0.250000	49
HGNC:21157	0.383676	0.255000	50
HGNC:21176	0.383170	0.260000	51
HGNC:21185	0.382628	0.265000	52
HGNC:21268	0.382606	0.270000	53
HGNC:21159	0.376379	0.275000	54
HGNC:21237	0.375552	0.280000	55
HGNC:21198	0.375469	0.285000	56
HGNC:21219	0.371628	0.290000	57
HGNC:21199	0.365032	0.295000	58
HGNC:21156	0.361695	0.300000	59
HGNC:21100	0.351048	0.305000	60
HGNC:21175	0.348865	0.310000	61
HGNC:21247	0.348540	0.315000	62
HGNC:21184	0.348347	0.320000	63
HGNC:21143	0.346619	0.325000	64
HGNC:21224	0.346482	0.330000	65
HGNC:21162	0.344578	0.335000	66
HGNC:21204	0.340578	0.340000	67
HGNC:21108	0.333681	0.345000	68
HGNC:21154	0.332273	0.350000	69
HGNC:21165	0.332029	0.355000	70
HGNC:21213	0.331070	0.360000	71
HGNC:21166	0.330740	0.365000	72
HGNC:21172	0.322622	0.370000	73
HGNC:21269	0.322399	0.375000	74
HGNC:21151	0.319447	0.380000	75
HGNC:21257	0.317474	0.385000	76
HGNC:21220	0.313865	0.390000	77
HGNC:21212	0.305176	0.395000	78
HGNC:21163	0.300663	0.400000	79
HGNC:21177	0.299352	0.405000	80
HGNC:21155	0.295977	0.410000	81
HGNC:21211	0.295635	0.415000	82
HGNC:21158	0.280378	0.420000	83
HGNC:21161	0.279650	0.425000	84
HGNC:21144	0.278838	0.430000	85
HGNC:21234	0.275125	0.435000	86
HGNC:21251	0.274271	0.440000	87
HGNC:21148	0.273070	0.445000	88
HGNC:21150	0.271818	0.450000	89
HGNC:21218	0.267621	0.455000	90
HGNC:21202	0.266113	0.460000	91
HGNC:21215	0.265031	0.465000	92
HGNC:21225	0.262170	0.470000	93
HGNC:21181	0.242336	0.475000	94
HGNC:21246	0.236553	0.480000	95
HGNC:21265	0.232264	0.485000	96
HGNC:21186	0.184007	0.490000	97
HGNC:21118	0.137001	0.495000	98
HGNC:21228	0.026712	0.500000	99
HGNC:21230	0.000000	0.505000	100
HGNC:21081	0.000000	0.510000	101
HGNC:21080	0.000000	0.515000	102
HGNC:21088	0.000000	0.520000	103
HGNC:8795	0.000000	0.525000	104
HGNC:8794	0.000000	0.530000	105
HGNC:8790	0.000000	0.535000	106
HGNC:8783	0.000000	0.540000	107
HGNC:8778	0.000000	0.545000	108
HGNC:8777	0.000000	0.550000	109
HGNC:21071	0.000000	0.555000	110
HGNC:8786	0.000000	0.560000	111
HGNC:8785	0.000000	0.565000	112
HGNC:8616	0.000000	0.570000	113
HGNC:8676	0.000000	0.575000	114
HGNC:8668	0.000000	0.580000	115
HGNC:8623	0.000000	0.585000	116
HGNC:8622	0.000000	0.590000	117
HGNC:8632	0.000000	0.595000	118
HGNC:8618	0.000000	0.600000	119
HGNC:8617	0.000000	0.605000	120
HGNC:8615	0.000000	0.610000	121
HGNC:8621	0.000000	0.615000	122
HGNC:8620	0.000000	0.620000	123
HGNC:8646	0.000000	0.625000	124
HGNC:8654	0.000000	0.630000	125
HGNC:8653	0.000000	0.635000	126
HGNC:8651	0.000000	0.640000	127
HGNC:8638	0.000000	0.645000	128
HGNC:8636	0.000000	0.650000	129
HGNC:8607	0.000000	0.655000	130
HGNC:8604	0.000000	0.660000	131
HGNC:8602	0.000000	0.665000	132
HGNC:8609	0.000000	0.670000	133
HGNC:8669	0.000000	0.675000	134
HGNC:8667	0.000000	0.680000	135
HGNC:8666	0.000000	0.685000	136
HGNC:8675	0.000000	0.690000	137
HGNC:8674	0.000000	0.695000	138
HGNC:8673	0.000000	0.700000	139
HGNC:8672	0.000000	0.705000	140
HGNC:8671	0.000000	0.710000	141
HGNC:8670	0.000000	0.715000	142
HGNC:8659	0.000000	0.720000	143
HGNC:8657	0.000000	0.725000	144
HGNC:8665	0.000000	0.730000	145
HGNC:8664	0.000000	0.735000	146
HGNC:8663	0.000000	0.740000	147
HGNC:8661	0.000000	0.745000	148
HGNC:8931	0.000000	0.750000	149
HGNC:8979	0.000000	0.755000	150
HGNC:8975	0.000000	0.760000	151
HGNC:8983	0.000000	0.765000	152
HGNC:8980	0.000000	0.770000	153
HGNC:8999	0.000000	0.775000	154
HGNC:8997	0.000000	0.780000	155
HGNC:8996	0.000000	0.785000	156
HGNC:8943	0.000000	0.790000	157
HGNC:8941	0.000000	0.795000	158
HGNC:8940	0.000000	0.800000	159
HGNC:8967	0.000000	0.805000	160
HGNC:35412	0.000000	0.810000	161
HGNC:8966	0.000000	0.815000	162
HGNC:8965	0.000000	0.820000	163
HGNC:8964	0.000000	0.825000	164
HGNC:8973	0.000000	0.830000	165
HGNC:8971	0.000000	0.835000	166
HGNC:8959	0.000000	0.840000	167
HGNC:8957	0.000000	0.845000	168
HGNC:8952	0.000000	0.850000	169
HGNC:8960	0.000000	0.855000	170
HGNC:8907	0.000000	0.860000	171
HGNC:8905	0.000000	0.865000	172
HGNC:8926	0.000000	0.870000	173
HGNC:8925	0.000000	0.875000	174
HGNC:8923	0.000000	0.880000	175
HGNC:8927	0.000000	0.885000	176
HGNC:8918	0.000000	0.890000	177
HGNC:8864	0.000000	0.895000	178
HGNC:8859	0.000000	0.900000	179
HGNC:8858	0.000000	0.905000	180
HGNC:8857	0.000000	0.910000	181
HGNC:8856	0.000000	0.915000	182
HGNC:8855	0.000000	0.920000	183
HGNC:8854	0.000000	0.925000	184
HGNC:8853	0.000000	0.930000	185
HGNC:8860	0.000000	0.935000	186
HGNC:8889	0.000000	0.940000	187
HGNC:8896	0.000000	0.945000	188
HGNC:8877	0.000000	0.950000	189
HGNC:8881	0.000000	0.955000	190
HGNC:8824	0.000000	0.960000	191
HGNC:8820	0.000000	0.965000	192
HGNC:49911	0.000000	0.970000	193
HGNC:8816	0.000000	0.975000	194
HGNC:8811	0.000000	0.980000	195
HGNC:8819	0.000000	0.985000	196
HGNC:8818	0.000000	0.990000	197
HGNC:8851	0.000000	0.995000	198
HGNC:8977	0.000000	1.000000	199
