HGNC:21106	0.034697	0.010989	0
HGNC:21239	0.011080	0.021978	1
HGNC:21102	0.011080	0.032967	2
HGNC:21238	0.011080	0.043956	3
HGNC:21113	0.011080	0.054945	4
HGNC:21263	0.011051	0.065934	5
HGNC:21213	0.010949	0.076923	6
HGNC:21207	0.010895	0.087912	7
HGNC:21206	0.010895	0.098901	8
HGNC:21214	0.010883	0.109890	9
HGNC:21203	0.010876	0.120879	10
HGNC:21197	0.010870	0.131868	11
HGNC:21205	0.010846	0.142857	12
HGNC:21253	0.010839	0.153846	13
HGNC:21256	0.010833	0.164835	14
HGNC:21232	0.010833	0.175824	15
HGNC:21185	0.010829	0.186813	16
HGNC:21144	0.010826	0.197802	17
HGNC:21147	0.010802	0.208791	18
HGNC:21154	0.010785	0.219780	19
HGNC:21114	0.010784	0.230769	20
HGNC:21226	0.010782	0.241758	21
HGNC:21169	0.010768	0.252747	22
HGNC:21244	0.010762	0.263736	23
HGNC:21153	0.010760	0.274725	24
HGNC:21159	0.010752	0.285714	25
HGNC:21168	0.010751	0.296703	26
HGNC:21108	0.010722	0.307692	27
HGNC:21101	0.010719	0.318681	28
HGNC:21246	0.010718	0.329670	29
HGNC:21199	0.010710	0.340659	30
HGNC:21231	0.010702	0.351648	31
HGNC:21180	0.010702	0.362637	32
HGNC:21162	0.010702	0.373626	33
HGNC:21146	0.010701	0.384615	34
HGNC:21100	0.010701	0.395604	35
HGNC:21224	0.010698	0.406593	36
HGNC:21209	0.010695	0.417582	37
HGNC:21155	0.010692	0.428571	38
HGNC:21211	0.010692	0.439560	39
HGNC:21143	0.010691	0.450549	40
HGNC:21200	0.010691	0.461538	41
HGNC:21109	0.010691	0.472527	42
HGNC:21193	0.010691	0.483516	43
HGNC:21167	0.010691	0.494505	44
HGNC:21150	0.010687	0.505495	45
HGNC:21148	0.010687	0.516484	46
HGNC:21166	0.010686	0.527473	47
HGNC:21268	0.010683	0.538462	48
HGNC:21151	0.010681	0.549451	49
HGNC:21198	0.010680	0.560440	50
HGNC:21145	0.010676	0.571429	51
HGNC:21219	0.010675	0.582418	52
HGNC:21215	0.010674	0.593407	53
HGNC:21218	0.010674	0.604396	54
HGNC:21158	0.010673	0.615385	55
HGNC:21163	0.010673	0.626374	56
HGNC:21220	0.010672	0.637363	57
HGNC:21165	0.010672	0.648352	58
HGNC:21161	0.010672	0.659341	59
HGNC:21194	0.010671	0.670330	60
HGNC:21204	0.010670	0.681319	61
HGNC:21202	0.010670	0.692308	62
HGNC:21177	0.010670	0.703297	63
HGNC:21259	0.010670	0.714286	64
HGNC:21208	0.010669	0.725275	65
HGNC:21107	0.010668	0.736264	66
HGNC:21175	0.010667	0.747253	67
HGNC:21186	0.010666	0.758242	68
HGNC:21269	0.010661	0.769231	69
HGNC:21181	0.010659	0.780220	70
HGNC:21251	0.010657	0.791209	71
HGNC:21222	0.010656	0.802198	72
HGNC:21237	0.010655	0.813187	73
HGNC:21173	0.010654	0.824176	74
HGNC:21225	0.010653	0.835165	75
HGNC:21184	0.010652	0.846154	76
HGNC:21156	0.010649	0.857143	77
HGNC:21191	0.010649	0.868132	78
HGNC:21247	0.010647	0.879121	79
HGNC:21265	0.010643	0.890110	80
HGNC:21257	0.010639	0.901099	81
HGNC:21176	0.010636	0.912088	82
HGNC:21115	0.010636	0.923077	83
HGNC:21182	0.010633	0.934066	84
HGNC:21245	0.010628	0.945055	85
HGNC:21248	0.010624	0.956044	86
HGNC:21172	0.010624	0.967033	87
HGNC:21157	0.010592	0.978022	88
HGNC:21234	0.010487	0.989011	89
HGNC:21111	0.010483	1.000000	90
