HGNC:21197	0.022190	0.011236	0
HGNC:21149	-0.000112	0.022472	1
HGNC:21192	-0.000117	0.033708	2
HGNC:21174	-0.000117	0.044944	3
HGNC:21146	-0.000117	0.056180	4
HGNC:21156	-0.000117	0.067416	5
HGNC:21152	-0.000117	0.078652	6
HGNC:21259	-0.000122	0.089888	7
HGNC:21145	-0.000126	0.101124	8
HGNC:21175	-0.000139	0.112360	9
HGNC:21143	-0.000144	0.123596	10
HGNC:21193	-0.000144	0.134831	11
HGNC:21159	-0.000149	0.146067	12
HGNC:21224	-0.000149	0.157303	13
HGNC:21153	-0.000149	0.168539	14
HGNC:21147	-0.000149	0.179775	15
HGNC:21172	-0.000151	0.191011	16
HGNC:21166	-0.000152	0.202247	17
HGNC:21162	-0.000156	0.213483	18
HGNC:21209	-0.000156	0.224719	19
HGNC:21101	-0.000157	0.235955	20
HGNC:21168	-0.000158	0.247191	21
HGNC:21169	-0.000158	0.258427	22
HGNC:21182	-0.000161	0.269663	23
HGNC:21114	-0.000161	0.280899	24
HGNC:21111	-0.000161	0.292135	25
HGNC:21176	-0.000161	0.303371	26
HGNC:21221	-0.000161	0.314607	27
HGNC:21239	-0.000161	0.325843	28
HGNC:21248	-0.000161	0.337079	29
HGNC:21253	-0.000161	0.348315	30
HGNC:21208	-0.000161	0.359551	31
HGNC:21237	-0.000161	0.370787	32
HGNC:21107	-0.000161	0.382022	33
HGNC:21173	-0.000161	0.393258	34
HGNC:21157	-0.000161	0.404494	35
HGNC:21109	-0.000161	0.415730	36
HGNC:21115	-0.000161	0.426966	37
HGNC:21102	-0.000161	0.438202	38
HGNC:21244	-0.000168	0.449438	39
HGNC:21256	-0.000172	0.460674	40
HGNC:21185	-0.000181	0.471910	41
HGNC:21106	-0.000182	0.483146	42
HGNC:21214	-0.000183	0.494382	43
HGNC:21155	-0.000189	0.505618	44
HGNC:21219	-0.000190	0.516854	45
HGNC:21199	-0.000191	0.528090	46
HGNC:21263	-0.000191	0.539326	47
HGNC:21200	-0.000203	0.550562	48
HGNC:21245	-0.000206	0.561798	49
HGNC:21113	-0.000206	0.573034	50
HGNC:21165	-0.000209	0.584270	51
HGNC:21161	-0.000212	0.595506	52
HGNC:21158	-0.000215	0.606742	53
HGNC:21220	-0.000216	0.617978	54
HGNC:21151	-0.000218	0.629213	55
HGNC:21225	-0.000219	0.640449	56
HGNC:21222	-0.000221	0.651685	57
HGNC:21234	-0.000221	0.662921	58
HGNC:21148	-0.000221	0.674157	59
HGNC:21154	-0.000222	0.685393	60
HGNC:21231	-0.000222	0.696629	61
HGNC:21203	-0.000223	0.707865	62
HGNC:21257	-0.000227	0.719101	63
HGNC:21212	-0.000231	0.730337	64
HGNC:21150	-0.000235	0.741573	65
HGNC:21100	-0.000236	0.752809	66
HGNC:21108	-0.000255	0.764045	67
HGNC:21211	-0.000264	0.775281	68
HGNC:21204	-0.000273	0.786517	69
HGNC:21163	-0.000277	0.797753	70
HGNC:21269	-0.000278	0.808989	71
HGNC:21232	-0.000279	0.820225	72
HGNC:21191	-0.000282	0.831461	73
HGNC:21216	-0.000290	0.842697	74
HGNC:21177	-0.000295	0.853933	75
HGNC:21202	-0.000300	0.865169	76
HGNC:21205	-0.000311	0.876404	77
HGNC:21215	-0.000313	0.887640	78
HGNC:21268	-0.000313	0.898876	79
HGNC:21181	-0.000364	0.910112	80
HGNC:21218	-0.000370	0.921348	81
HGNC:21246	-0.000683	0.932584	82
HGNC:21251	-0.000792	0.943820	83
HGNC:21265	-0.000831	0.955056	84
HGNC:21186	-0.000884	0.966292	85
HGNC:21118	-0.001028	0.977528	86
HGNC:21213	-0.001028	0.988764	87
HGNC:21144	-0.001043	1.000000	88
