HGNC:21197	0.021785	0.010989	0
HGNC:21232	-0.000007	0.021978	1
HGNC:21256	-0.000007	0.032967	2
HGNC:21185	-0.000034	0.043956	3
HGNC:21144	-0.000065	0.054945	4
HGNC:21154	-0.000070	0.065934	5
HGNC:21213	-0.000094	0.076923	6
HGNC:21102	-0.000118	0.087912	7
HGNC:21106	-0.000118	0.098901	8
HGNC:21238	-0.000118	0.109890	9
HGNC:21113	-0.000118	0.120879	10
HGNC:21239	-0.000118	0.131868	11
HGNC:21244	-0.000124	0.142857	12
HGNC:21147	-0.000126	0.153846	13
HGNC:21203	-0.000128	0.164835	14
HGNC:21263	-0.000144	0.175824	15
HGNC:21214	-0.000148	0.186813	16
HGNC:21253	-0.000151	0.197802	17
HGNC:21153	-0.000159	0.208791	18
HGNC:21145	-0.000164	0.219780	19
HGNC:21205	-0.000165	0.230769	20
HGNC:21114	-0.000176	0.241758	21
HGNC:21206	-0.000180	0.252747	22
HGNC:21207	-0.000180	0.263736	23
HGNC:21101	-0.000180	0.274725	24
HGNC:21159	-0.000182	0.285714	25
HGNC:21168	-0.000185	0.296703	26
HGNC:21169	-0.000186	0.307692	27
HGNC:21150	-0.000202	0.318681	28
HGNC:21199	-0.000203	0.329670	29
HGNC:21246	-0.000204	0.340659	30
HGNC:21226	-0.000212	0.351648	31
HGNC:21209	-0.000219	0.362637	32
HGNC:21155	-0.000225	0.373626	33
HGNC:21194	-0.000237	0.384615	34
HGNC:21200	-0.000238	0.395604	35
HGNC:21193	-0.000238	0.406593	36
HGNC:21143	-0.000238	0.417582	37
HGNC:21109	-0.000238	0.428571	38
HGNC:21268	-0.000241	0.439560	39
HGNC:21211	-0.000243	0.450549	40
HGNC:21224	-0.000247	0.461538	41
HGNC:21165	-0.000250	0.472527	42
HGNC:21218	-0.000251	0.483516	43
HGNC:21100	-0.000251	0.494505	44
HGNC:21146	-0.000257	0.505495	45
HGNC:21148	-0.000260	0.516484	46
HGNC:21175	-0.000262	0.527473	47
HGNC:21237	-0.000263	0.538462	48
HGNC:21269	-0.000264	0.549451	49
HGNC:21166	-0.000267	0.560440	50
HGNC:21107	-0.000268	0.571429	51
HGNC:21161	-0.000268	0.582418	52
HGNC:21181	-0.000269	0.593407	53
HGNC:21186	-0.000271	0.604396	54
HGNC:21151	-0.000271	0.615385	55
HGNC:21163	-0.000271	0.626374	56
HGNC:21204	-0.000272	0.637363	57
HGNC:21259	-0.000273	0.648352	58
HGNC:21177	-0.000275	0.659341	59
HGNC:21208	-0.000275	0.670330	60
HGNC:21191	-0.000276	0.681319	61
HGNC:21219	-0.000276	0.692308	62
HGNC:21215	-0.000283	0.703297	63
HGNC:21156	-0.000288	0.714286	64
HGNC:21202	-0.000288	0.725275	65
HGNC:21173	-0.000290	0.736264	66
HGNC:21115	-0.000291	0.747253	67
HGNC:21176	-0.000291	0.758242	68
HGNC:21158	-0.000295	0.769231	69
HGNC:21222	-0.000303	0.780220	70
HGNC:21108	-0.000308	0.791209	71
HGNC:21180	-0.000308	0.802198	72
HGNC:21231	-0.000308	0.813187	73
HGNC:21162	-0.000308	0.824176	74
HGNC:21265	-0.000313	0.835165	75
HGNC:21167	-0.000318	0.846154	76
HGNC:21198	-0.000318	0.857143	77
HGNC:21220	-0.000323	0.868132	78
HGNC:21257	-0.000326	0.879121	79
HGNC:21225	-0.000337	0.890110	80
HGNC:21182	-0.000339	0.901099	81
HGNC:21184	-0.000362	0.912088	82
HGNC:21251	-0.000365	0.923077	83
HGNC:21247	-0.000366	0.934066	84
HGNC:21157	-0.000372	0.945055	85
HGNC:21248	-0.000390	0.956044	86
HGNC:21172	-0.000390	0.967033	87
HGNC:21245	-0.000394	0.978022	88
HGNC:21234	-0.000540	0.989011	89
HGNC:21111	-0.000548	1.000000	90
