HGNC:21197	96.495252	0.009901	0
HGNC:8960	0.615505	0.019802	1
HGNC:8607	0.613524	0.029703	2
HGNC:8983	0.582520	0.039604	3
HGNC:8820	0.573482	0.049505	4
HGNC:8857	0.555967	0.059406	5
HGNC:8620	0.551020	0.069307	6
HGNC:8851	0.550261	0.079208	7
HGNC:8777	0.543248	0.089109	8
HGNC:8896	0.531461	0.099010	9
HGNC:8943	0.530796	0.108911	10
HGNC:8860	0.525148	0.118812	11
HGNC:8853	0.522847	0.128713	12
HGNC:8881	0.519269	0.138614	13
HGNC:8855	0.515554	0.148515	14
HGNC:8856	0.514373	0.158416	15
HGNC:8854	0.510599	0.168317	16
HGNC:8858	0.507323	0.178218	17
HGNC:8657	0.503704	0.188119	18
HGNC:8636	0.502126	0.198020	19
HGNC:8980	0.488628	0.207921	20
HGNC:8859	0.486857	0.217822	21
HGNC:8959	0.485569	0.227723	22
HGNC:8940	0.481957	0.237624	23
HGNC:8794	0.476271	0.247525	24
HGNC:8616	0.469202	0.257426	25
HGNC:8923	0.467305	0.267327	26
HGNC:8786	0.463413	0.277228	27
HGNC:8957	0.460732	0.287129	28
HGNC:8621	0.457300	0.297030	29
HGNC:8653	0.451243	0.306931	30
HGNC:8967	0.443985	0.316832	31
HGNC:8785	0.436062	0.326733	32
HGNC:8617	0.428718	0.336634	33
HGNC:8966	0.424748	0.346535	34
HGNC:8654	0.416051	0.356436	35
HGNC:8615	0.412602	0.366337	36
HGNC:8964	0.405478	0.376238	37
HGNC:8965	0.405101	0.386139	38
HGNC:8609	0.403229	0.396040	39
HGNC:8811	0.401637	0.405941	40
HGNC:8971	0.394416	0.415842	41
HGNC:8975	0.394084	0.425743	42
HGNC:8999	0.392299	0.435644	43
HGNC:8783	0.392191	0.445545	44
HGNC:8632	0.391299	0.455446	45
HGNC:8818	0.387920	0.465347	46
HGNC:8646	0.378701	0.475248	47
HGNC:8977	0.376310	0.485149	48
HGNC:8926	0.363663	0.495050	49
HGNC:8790	0.363381	0.504950	50
HGNC:8931	0.360267	0.514851	51
HGNC:21071	0.351841	0.524752	52
HGNC:8819	0.348740	0.534653	53
HGNC:8622	0.344430	0.544554	54
HGNC:8907	0.342498	0.554455	55
HGNC:21143	0.320465	0.564356	56
HGNC:8918	0.312738	0.574257	57
HGNC:8941	0.281824	0.584158	58
HGNC:8979	0.279515	0.594059	59
HGNC:8927	0.259797	0.603960	60
HGNC:8778	0.259758	0.613861	61
HGNC:8659	0.258889	0.623762	62
HGNC:8816	0.212929	0.633663	63
HGNC:21081	0.212929	0.643564	64
HGNC:21080	0.188997	0.653465	65
HGNC:8638	0.187575	0.663366	66
HGNC:8795	0.187575	0.673267	67
HGNC:8973	0.187575	0.683168	68
HGNC:8824	0.185244	0.693069	69
HGNC:8877	0.183342	0.702970	70
HGNC:8925	0.177836	0.712871	71
HGNC:8905	0.169322	0.722772	72
HGNC:8889	0.159853	0.732673	73
HGNC:8604	0.117220	0.742574	74
HGNC:8618	0.109858	0.752475	75
HGNC:8623	0.099012	0.762376	76
HGNC:8996	0.087075	0.772277	77
HGNC:8669	0.081098	0.782178	78
HGNC:8670	0.081098	0.792079	79
HGNC:8671	0.081098	0.801980	80
HGNC:8672	0.081098	0.811881	81
HGNC:8673	0.081098	0.821782	82
HGNC:8674	0.081098	0.831683	83
HGNC:8675	0.081098	0.841584	84
HGNC:8663	0.081098	0.851485	85
HGNC:8661	0.081098	0.861386	86
HGNC:8668	0.081098	0.871287	87
HGNC:8676	0.081098	0.881188	88
HGNC:8664	0.081098	0.891089	89
HGNC:8665	0.081098	0.900990	90
HGNC:8667	0.081098	0.910891	91
HGNC:8666	0.081098	0.920792	92
HGNC:49911	0.081098	0.930693	93
HGNC:35412	0.077657	0.940594	94
HGNC:8651	0.074011	0.950495	95
HGNC:21088	0.037282	0.960396	96
HGNC:8602	0.013020	0.970297	97
HGNC:8864	0.002858	0.980198	98
HGNC:8952	0.002103	0.990099	99
HGNC:8997	0.001759	1.000000	100
