HGNC:8853	395.999083	0.014286	0
HGNC:8856	0.969916	0.028571	1
HGNC:8858	0.964152	0.042857	2
HGNC:8854	0.959364	0.057143	3
HGNC:8855	0.953360	0.071429	4
HGNC:8857	0.948214	0.085714	5
HGNC:8851	0.934782	0.100000	6
HGNC:8859	0.873776	0.114286	7
HGNC:8860	0.706515	0.128571	8
HGNC:8940	0.631129	0.142857	9
HGNC:8957	0.626151	0.157143	10
HGNC:8967	0.619857	0.171429	11
HGNC:8966	0.619463	0.185714	12
HGNC:8923	0.593904	0.200000	13
HGNC:8609	0.592062	0.214286	14
HGNC:8975	0.587511	0.228571	15
HGNC:8959	0.587036	0.242857	16
HGNC:8971	0.563749	0.257143	17
HGNC:8983	0.555271	0.271429	18
HGNC:8979	0.540291	0.285714	19
HGNC:21197	0.522847	0.300000	20
HGNC:8977	0.508248	0.314286	21
HGNC:21143	0.501693	0.328571	22
HGNC:8818	0.485357	0.342857	23
HGNC:8980	0.485249	0.357143	24
HGNC:8960	0.475888	0.371429	25
HGNC:8941	0.462569	0.385714	26
HGNC:8907	0.462050	0.400000	27
HGNC:8926	0.428968	0.414286	28
HGNC:8931	0.428467	0.428571	29
HGNC:8999	0.402404	0.442857	30
HGNC:8896	0.390202	0.457143	31
HGNC:8657	0.379727	0.471429	32
HGNC:8964	0.362028	0.485714	33
HGNC:8918	0.350174	0.500000	34
HGNC:8905	0.337774	0.514286	35
HGNC:8881	0.328009	0.528571	36
HGNC:8824	0.319859	0.542857	37
HGNC:8965	0.319332	0.557143	38
HGNC:8811	0.276717	0.571429	39
HGNC:8820	0.272456	0.585714	40
HGNC:8927	0.260500	0.600000	41
HGNC:8943	0.259272	0.614286	42
HGNC:8819	0.208454	0.628571	43
HGNC:8877	0.203024	0.642857	44
HGNC:8659	0.154238	0.657143	45
HGNC:8925	0.125753	0.671429	46
HGNC:8889	0.117072	0.685714	47
HGNC:35412	0.093194	0.700000	48
HGNC:8602	0.090734	0.714286	49
HGNC:8816	0.082630	0.728571	50
HGNC:8665	0.079439	0.742857	51
HGNC:8670	0.079439	0.757143	52
HGNC:8671	0.079439	0.771429	53
HGNC:8661	0.079439	0.785714	54
HGNC:8663	0.079439	0.800000	55
HGNC:8664	0.079439	0.814286	56
HGNC:8666	0.079439	0.828571	57
HGNC:8667	0.079439	0.842857	58
HGNC:8669	0.079439	0.857143	59
HGNC:8672	0.079439	0.871429	60
HGNC:8673	0.079439	0.885714	61
HGNC:8674	0.079439	0.900000	62
HGNC:8675	0.079439	0.914286	63
HGNC:49911	0.079439	0.928571	64
HGNC:8996	0.079392	0.942857	65
HGNC:8973	0.078568	0.957143	66
HGNC:8952	0.042530	0.971429	67
HGNC:8997	0.038242	0.985714	68
HGNC:8864	0.016519	1.000000	69
