HGNC:21197	69.036212	0.011905	0
HGNC:21246	0.428562	0.023810	1
HGNC:21218	0.328367	0.035714	2
HGNC:21100	0.323989	0.047619	3
HGNC:21168	0.309433	0.059524	4
HGNC:21169	0.291830	0.071429	5
HGNC:21214	0.291137	0.083333	6
HGNC:21157	0.280060	0.095238	7
HGNC:21251	0.271961	0.107143	8
HGNC:21151	0.270375	0.119048	9
HGNC:21244	0.269764	0.130952	10
HGNC:21219	0.267035	0.142857	11
HGNC:21176	0.264464	0.154762	12
HGNC:21228	0.261136	0.166667	13
HGNC:21145	0.253328	0.178571	14
HGNC:21186	0.251278	0.190476	15
HGNC:21155	0.250109	0.202381	16
HGNC:21199	0.241352	0.214286	17
HGNC:21153	0.241260	0.226190	18
HGNC:21158	0.236459	0.238095	19
HGNC:21220	0.231783	0.250000	20
HGNC:21225	0.223800	0.261905	21
HGNC:21175	0.222810	0.273810	22
HGNC:21144	0.222395	0.285714	23
HGNC:21269	0.218908	0.297619	24
HGNC:21211	0.217847	0.309524	25
HGNC:21232	0.213975	0.321429	26
HGNC:21147	0.212923	0.333333	27
HGNC:21224	0.210034	0.345238	28
HGNC:21213	0.202196	0.357143	29
HGNC:21237	0.200263	0.369048	30
HGNC:21257	0.197788	0.380952	31
HGNC:21185	0.196524	0.392857	32
HGNC:21234	0.192383	0.404762	33
HGNC:21150	0.191645	0.416667	34
HGNC:21203	0.186779	0.428571	35
HGNC:21162	0.186319	0.440476	36
HGNC:21256	0.183284	0.452381	37
HGNC:21143	0.182926	0.464286	38
HGNC:21115	0.180098	0.476190	39
HGNC:21215	0.178078	0.488095	40
HGNC:21159	0.177924	0.500000	41
HGNC:21177	0.175953	0.511905	42
HGNC:21161	0.175930	0.523810	43
HGNC:21253	0.174364	0.535714	44
HGNC:21181	0.172954	0.547619	45
HGNC:21148	0.172852	0.559524	46
HGNC:21163	0.169953	0.571429	47
HGNC:21156	0.167529	0.583333	48
HGNC:21165	0.163132	0.595238	49
HGNC:21109	0.160258	0.607143	50
HGNC:21154	0.153758	0.619048	51
HGNC:21107	0.146829	0.630952	52
HGNC:21108	0.144874	0.642857	53
HGNC:21182	0.143793	0.654762	54
HGNC:21173	0.133534	0.666667	55
HGNC:21172	0.131765	0.678571	56
HGNC:21166	0.130068	0.690476	57
HGNC:21212	0.128789	0.702381	58
HGNC:21114	0.128652	0.714286	59
HGNC:21265	0.123688	0.726190	60
HGNC:21259	0.120061	0.738095	61
HGNC:21263	0.117243	0.750000	62
HGNC:21231	0.114842	0.761905	63
HGNC:21106	0.093689	0.773810	64
HGNC:21247	0.090429	0.785714	65
HGNC:21202	0.089804	0.797619	66
HGNC:21245	0.088557	0.809524	67
HGNC:21205	0.084265	0.821429	68
HGNC:21207	0.080585	0.833333	69
HGNC:21226	0.073744	0.845238	70
HGNC:21200	0.064813	0.857143	71
HGNC:21193	0.064813	0.869048	72
HGNC:21194	0.063349	0.880952	73
HGNC:21230	0.062696	0.892857	74
HGNC:21204	0.062459	0.904762	75
HGNC:21111	0.061990	0.916667	76
HGNC:21113	0.059715	0.928571	77
HGNC:21209	0.059673	0.940476	78
HGNC:21118	0.056954	0.952381	79
HGNC:21191	0.056508	0.964286	80
HGNC:21268	0.055788	0.976190	81
HGNC:21101	0.000000	0.988095	82
HGNC:21102	0.000000	1.000000	83
