HGNC:21197	554.285798	0.005917	0
HGNC:21149	0.718256	0.011834	1
HGNC:21152	0.707423	0.017751	2
HGNC:21174	0.707423	0.023669	3
HGNC:21192	0.707423	0.029586	4
HGNC:21238	0.680781	0.035503	5
HGNC:21102	0.637614	0.041420	6
HGNC:21239	0.637614	0.047337	7
HGNC:8960	0.615505	0.053254	8
HGNC:21221	0.594447	0.059172	9
HGNC:21101	0.592796	0.065089	10
HGNC:8983	0.582520	0.071006	11
HGNC:21146	0.579678	0.076923	12
HGNC:8820	0.573482	0.082840	13
HGNC:21206	0.573039	0.088757	14
HGNC:21256	0.561284	0.094675	15
HGNC:8857	0.555967	0.100592	16
HGNC:21185	0.551301	0.106509	17
HGNC:8851	0.550261	0.112426	18
HGNC:8896	0.531461	0.118343	19
HGNC:8943	0.530796	0.124260	20
HGNC:8860	0.525148	0.130178	21
HGNC:8853	0.522847	0.136095	22
HGNC:8881	0.519269	0.142012	23
HGNC:21232	0.518506	0.147929	24
HGNC:8855	0.515554	0.153846	25
HGNC:21147	0.514629	0.159763	26
HGNC:8856	0.514373	0.165680	27
HGNC:21208	0.514247	0.171598	28
HGNC:21145	0.514094	0.177515	29
HGNC:8854	0.510599	0.183432	30
HGNC:8858	0.507323	0.189349	31
HGNC:21153	0.505515	0.195266	32
HGNC:21244	0.503932	0.201183	33
HGNC:8657	0.503704	0.207101	34
HGNC:21168	0.493570	0.213018	35
HGNC:21214	0.489285	0.218935	36
HGNC:8980	0.488628	0.224852	37
HGNC:21169	0.487862	0.230769	38
HGNC:8859	0.486857	0.236686	39
HGNC:21154	0.486592	0.242604	40
HGNC:8959	0.485569	0.248521	41
HGNC:8940	0.481957	0.254438	42
HGNC:8923	0.467305	0.260355	43
HGNC:21159	0.464957	0.266272	44
HGNC:21253	0.463190	0.272189	45
HGNC:8957	0.460732	0.278107	46
HGNC:21203	0.459441	0.284024	47
HGNC:21248	0.448044	0.289941	48
HGNC:8967	0.443985	0.295858	49
HGNC:21175	0.442479	0.301775	50
HGNC:21199	0.442121	0.307692	51
HGNC:21114	0.440200	0.313609	52
HGNC:21224	0.438890	0.319527	53
HGNC:21106	0.438632	0.325444	54
HGNC:21156	0.432484	0.331361	55
HGNC:21155	0.432414	0.337278	56
HGNC:21222	0.428066	0.343195	57
HGNC:8966	0.424748	0.349112	58
HGNC:21176	0.424246	0.355030	59
HGNC:21263	0.419418	0.360947	60
HGNC:21109	0.416695	0.366864	61
HGNC:21237	0.415619	0.372781	62
HGNC:21259	0.413484	0.378698	63
HGNC:21100	0.413039	0.384615	64
HGNC:21219	0.410116	0.390533	65
HGNC:21113	0.409268	0.396450	66
HGNC:8964	0.405478	0.402367	67
HGNC:8965	0.405101	0.408284	68
HGNC:21143	0.404870	0.414201	69
HGNC:8609	0.403229	0.420118	70
HGNC:8811	0.401637	0.426036	71
HGNC:21150	0.399655	0.431953	72
HGNC:21157	0.399516	0.437870	73
HGNC:21209	0.397309	0.443787	74
HGNC:21151	0.396901	0.449704	75
HGNC:21115	0.396124	0.455621	76
HGNC:21107	0.394949	0.461538	77
HGNC:8971	0.394416	0.467456	78
HGNC:8975	0.394084	0.473373	79
HGNC:21193	0.393067	0.479290	80
HGNC:8999	0.392299	0.485207	81
HGNC:21166	0.390047	0.491124	82
HGNC:21162	0.389383	0.497041	83
HGNC:8818	0.387920	0.502959	84
HGNC:21246	0.387666	0.508876	85
HGNC:21144	0.384287	0.514793	86
HGNC:21173	0.380040	0.520710	87
HGNC:8977	0.376310	0.526627	88
HGNC:21180	0.374059	0.532544	89
HGNC:21165	0.373256	0.538462	90
HGNC:21211	0.372531	0.544379	91
HGNC:21158	0.372466	0.550296	92
HGNC:21161	0.370169	0.556213	93
HGNC:21216	0.370112	0.562130	94
HGNC:21218	0.368219	0.568047	95
HGNC:21148	0.367167	0.573964	96
HGNC:8926	0.363663	0.579882	97
HGNC:21198	0.363343	0.585799	98
HGNC:21182	0.361991	0.591716	99
HGNC:21167	0.360326	0.597633	100
HGNC:8931	0.360267	0.603550	101
HGNC:21220	0.355554	0.609467	102
HGNC:21269	0.352363	0.615385	103
HGNC:21200	0.351469	0.621302	104
HGNC:8819	0.348740	0.627219	105
HGNC:21213	0.348472	0.633136	106
HGNC:21225	0.348329	0.639053	107
HGNC:21172	0.346712	0.644970	108
HGNC:21257	0.344811	0.650888	109
HGNC:21205	0.343347	0.656805	110
HGNC:8907	0.342498	0.662722	111
HGNC:21163	0.334637	0.668639	112
HGNC:21184	0.332820	0.674556	113
HGNC:21207	0.326812	0.680473	114
HGNC:21177	0.322942	0.686391	115
HGNC:21231	0.318586	0.692308	116
HGNC:21108	0.316578	0.698225	117
HGNC:8918	0.312738	0.704142	118
HGNC:21215	0.312636	0.710059	119
HGNC:21181	0.309821	0.715976	120
HGNC:21212	0.307349	0.721893	121
HGNC:21245	0.304221	0.727811	122
HGNC:21204	0.300469	0.733728	123
HGNC:21191	0.299001	0.739645	124
HGNC:21268	0.293712	0.745562	125
HGNC:21234	0.293596	0.751479	126
HGNC:21226	0.293294	0.757396	127
HGNC:21111	0.291912	0.763314	128
HGNC:21202	0.290179	0.769231	129
HGNC:8941	0.281824	0.775148	130
HGNC:8979	0.279515	0.781065	131
HGNC:21194	0.277334	0.786982	132
HGNC:21186	0.269501	0.792899	133
HGNC:21228	0.261136	0.798817	134
HGNC:8927	0.259797	0.804734	135
HGNC:8659	0.258889	0.810651	136
HGNC:21251	0.250194	0.816568	137
HGNC:8816	0.212929	0.822485	138
HGNC:21247	0.210215	0.828402	139
HGNC:21265	0.208432	0.834320	140
HGNC:8973	0.187575	0.840237	141
HGNC:8824	0.185244	0.846154	142
HGNC:8877	0.183342	0.852071	143
HGNC:8925	0.177836	0.857988	144
HGNC:8905	0.169322	0.863905	145
HGNC:8889	0.159853	0.869822	146
HGNC:8996	0.087075	0.875740	147
HGNC:21118	0.083598	0.881657	148
HGNC:8669	0.081098	0.887574	149
HGNC:8667	0.081098	0.893491	150
HGNC:8666	0.081098	0.899408	151
HGNC:8675	0.081098	0.905325	152
HGNC:8663	0.081098	0.911243	153
HGNC:8664	0.081098	0.917160	154
HGNC:8665	0.081098	0.923077	155
HGNC:8671	0.081098	0.928994	156
HGNC:8670	0.081098	0.934911	157
HGNC:8674	0.081098	0.940828	158
HGNC:8673	0.081098	0.946746	159
HGNC:8672	0.081098	0.952663	160
HGNC:8661	0.081098	0.958580	161
HGNC:49911	0.081098	0.964497	162
HGNC:35412	0.077657	0.970414	163
HGNC:21230	0.062696	0.976331	164
HGNC:8602	0.013020	0.982249	165
HGNC:8864	0.002858	0.988166	166
HGNC:8952	0.002103	0.994083	167
HGNC:8997	0.001759	1.000000	168
