HGNC:21106	0.031903	0.011236	0
HGNC:21263	0.011158	0.022472	1
HGNC:21115	0.011142	0.033708	2
HGNC:21114	0.011142	0.044944	3
HGNC:21176	0.011142	0.056180	4
HGNC:21109	0.011142	0.067416	5
HGNC:21102	0.011142	0.078652	6
HGNC:21173	0.011142	0.089888	7
HGNC:21221	0.011142	0.101124	8
HGNC:21208	0.011142	0.112360	9
HGNC:21253	0.011142	0.123596	10
HGNC:21111	0.011142	0.134831	11
HGNC:21107	0.011142	0.146067	12
HGNC:21248	0.011142	0.157303	13
HGNC:21237	0.011142	0.168539	14
HGNC:21157	0.011142	0.179775	15
HGNC:21239	0.011142	0.191011	16
HGNC:21182	0.011142	0.202247	17
HGNC:21244	0.011114	0.213483	18
HGNC:21152	0.011114	0.224719	19
HGNC:21156	0.011114	0.235955	20
HGNC:21192	0.011114	0.247191	21
HGNC:21174	0.011114	0.258427	22
HGNC:21146	0.011114	0.269663	23
HGNC:21209	0.011111	0.280899	24
HGNC:21256	0.011111	0.292135	25
HGNC:21149	0.011109	0.303371	26
HGNC:21145	0.011109	0.314607	27
HGNC:21214	0.011096	0.325843	28
HGNC:21259	0.011093	0.337079	29
HGNC:21199	0.011088	0.348315	30
HGNC:21245	0.011076	0.359551	31
HGNC:21175	0.011073	0.370787	32
HGNC:21143	0.011069	0.382022	33
HGNC:21193	0.011068	0.393258	34
HGNC:21224	0.011068	0.404494	35
HGNC:21159	0.011067	0.415730	36
HGNC:21153	0.011067	0.426966	37
HGNC:21147	0.011067	0.438202	38
HGNC:21172	0.011064	0.449438	39
HGNC:21162	0.011058	0.460674	40
HGNC:21197	0.011054	0.471910	41
HGNC:21169	0.011053	0.483146	42
HGNC:21168	0.011053	0.494382	43
HGNC:21166	0.011048	0.505618	44
HGNC:21101	0.011047	0.516854	45
HGNC:21231	0.011042	0.528090	46
HGNC:21203	0.011038	0.539326	47
HGNC:21222	0.011036	0.550562	48
HGNC:21234	0.011036	0.561798	49
HGNC:21220	0.011035	0.573034	50
HGNC:21257	0.011029	0.584270	51
HGNC:21108	0.011023	0.595506	52
HGNC:21165	0.011020	0.606742	53
HGNC:21219	0.011018	0.617978	54
HGNC:21100	0.011016	0.629213	55
HGNC:21155	0.011006	0.640449	56
HGNC:21185	0.010997	0.651685	57
HGNC:21163	0.010996	0.662921	58
HGNC:21191	0.010993	0.674157	59
HGNC:21161	0.010993	0.685393	60
HGNC:21177	0.010987	0.696629	61
HGNC:21216	0.010986	0.707865	62
HGNC:21232	0.010985	0.719101	63
HGNC:21158	0.010981	0.730337	64
HGNC:21113	0.010981	0.741573	65
HGNC:21205	0.010971	0.752809	66
HGNC:21215	0.010970	0.764045	67
HGNC:21268	0.010970	0.775281	68
HGNC:21200	0.010966	0.786517	69
HGNC:21151	0.010963	0.797753	70
HGNC:21225	0.010963	0.808989	71
HGNC:21204	0.010959	0.820225	72
HGNC:21211	0.010950	0.831461	73
HGNC:21150	0.010950	0.842697	74
HGNC:21148	0.010943	0.853933	75
HGNC:21154	0.010942	0.865169	76
HGNC:21269	0.010911	0.876404	77
HGNC:21202	0.010907	0.887640	78
HGNC:21181	0.010903	0.898876	79
HGNC:21218	0.010889	0.910112	80
HGNC:21212	0.010876	0.921348	81
HGNC:21246	0.010625	0.932584	82
HGNC:21251	0.010564	0.943820	83
HGNC:21265	0.010478	0.955056	84
HGNC:21186	0.010433	0.966292	85
HGNC:21118	0.010345	0.977528	86
HGNC:21213	0.010345	0.988764	87
HGNC:21144	0.010317	1.000000	88
