HGNC:21106	455.286028	0.005917	0
HGNC:21102	0.598405	0.011834	1
HGNC:21263	0.533054	0.017751	2
HGNC:21253	0.457866	0.023669	3
HGNC:21239	0.439625	0.029586	4
HGNC:21256	0.435478	0.035503	5
HGNC:21173	0.359044	0.041420	6
HGNC:21107	0.356849	0.047337	7
HGNC:21101	0.356818	0.053254	8
HGNC:21113	0.350747	0.059172	9
HGNC:21214	0.340876	0.065089	10
HGNC:21114	0.335278	0.071006	11
HGNC:21244	0.334132	0.076923	12
HGNC:21197	0.328974	0.082840	13
HGNC:21169	0.325210	0.088757	14
HGNC:21203	0.321325	0.094675	15
HGNC:21153	0.320644	0.100592	16
HGNC:21182	0.314797	0.106509	17
HGNC:21109	0.311824	0.112426	18
HGNC:21168	0.307580	0.118343	19
HGNC:21147	0.307481	0.124260	20
HGNC:21145	0.304924	0.130178	21
HGNC:21232	0.303693	0.136095	22
HGNC:21115	0.295869	0.142012	23
HGNC:21157	0.287757	0.147929	24
HGNC:21176	0.287378	0.153846	25
HGNC:21185	0.286971	0.159763	26
HGNC:21159	0.282284	0.165680	27
HGNC:21237	0.281664	0.171598	28
HGNC:21208	0.278745	0.177515	29
HGNC:21219	0.278721	0.183432	30
HGNC:21146	0.274013	0.189349	31
HGNC:21199	0.273774	0.195266	32
HGNC:21156	0.271271	0.201183	33
HGNC:21248	0.269745	0.207101	34
HGNC:21209	0.265217	0.213018	35
HGNC:21100	0.263286	0.218935	36
HGNC:21175	0.261649	0.224852	37
HGNC:21143	0.259965	0.230769	38
HGNC:21224	0.259862	0.236686	39
HGNC:21162	0.258434	0.242604	40
HGNC:21204	0.255434	0.248521	41
HGNC:21205	0.253304	0.254438	42
HGNC:21108	0.250261	0.260355	43
HGNC:21238	0.250000	0.266272	44
HGNC:21154	0.249205	0.272189	45
HGNC:21165	0.249022	0.278107	46
HGNC:21259	0.248613	0.284024	47
HGNC:21213	0.248303	0.289941	48
HGNC:21166	0.248055	0.295858	49
HGNC:21111	0.247874	0.301775	50
HGNC:21172	0.241966	0.307692	51
HGNC:21193	0.241946	0.313609	52
HGNC:21269	0.241799	0.319527	53
HGNC:21151	0.239585	0.325444	54
HGNC:21257	0.238106	0.331361	55
HGNC:21220	0.235399	0.337278	56
HGNC:21194	0.232819	0.343195	57
HGNC:21245	0.232571	0.349112	58
HGNC:21231	0.229510	0.355030	59
HGNC:21163	0.225497	0.360947	60
HGNC:21177	0.224514	0.366864	61
HGNC:21155	0.221983	0.372781	62
HGNC:21211	0.221726	0.378698	63
HGNC:21158	0.210284	0.384615	64
HGNC:21222	0.209855	0.390533	65
HGNC:21161	0.209737	0.396450	66
HGNC:21144	0.209129	0.402367	67
HGNC:21234	0.206344	0.408284	68
HGNC:21148	0.204803	0.414201	69
HGNC:21150	0.203863	0.420118	70
HGNC:21218	0.200716	0.426036	71
HGNC:21202	0.199584	0.431953	72
HGNC:21215	0.198774	0.437870	73
HGNC:21191	0.198374	0.443787	74
HGNC:21225	0.196627	0.449704	75
HGNC:21200	0.192876	0.455621	76
HGNC:21268	0.191303	0.461538	77
HGNC:21221	0.189625	0.467456	78
HGNC:21181	0.181752	0.473373	79
HGNC:21246	0.177415	0.479290	80
HGNC:21174	0.175628	0.485207	81
HGNC:21152	0.175628	0.491124	82
HGNC:21192	0.175628	0.497041	83
HGNC:21247	0.174270	0.502959	84
HGNC:21149	0.172617	0.508876	85
HGNC:21206	0.169694	0.514793	86
HGNC:21207	0.169694	0.520710	87
HGNC:21186	0.138005	0.526627	88
HGNC:21251	0.137135	0.532544	89
HGNC:21226	0.124862	0.538462	90
HGNC:21265	0.116132	0.544379	91
HGNC:21216	0.106365	0.550296	92
HGNC:21180	0.100741	0.556213	93
HGNC:21167	0.096790	0.562130	94
HGNC:21198	0.093867	0.568047	95
HGNC:21184	0.087087	0.573964	96
HGNC:21212	0.076294	0.579882	97
HGNC:21118	0.034250	0.585799	98
HGNC:21228	0.006678	0.591716	99
HGNC:8967	0.000000	0.597633	100
HGNC:35412	0.000000	0.603550	101
HGNC:8966	0.000000	0.609467	102
HGNC:8965	0.000000	0.615385	103
HGNC:8964	0.000000	0.621302	104
HGNC:8973	0.000000	0.627219	105
HGNC:8971	0.000000	0.633136	106
HGNC:8959	0.000000	0.639053	107
HGNC:8957	0.000000	0.644970	108
HGNC:8952	0.000000	0.650888	109
HGNC:8960	0.000000	0.656805	110
HGNC:8907	0.000000	0.662722	111
HGNC:8905	0.000000	0.668639	112
HGNC:8926	0.000000	0.674556	113
HGNC:8925	0.000000	0.680473	114
HGNC:8923	0.000000	0.686391	115
HGNC:8918	0.000000	0.692308	116
HGNC:8864	0.000000	0.698225	117
HGNC:8859	0.000000	0.704142	118
HGNC:8858	0.000000	0.710059	119
HGNC:8857	0.000000	0.715976	120
HGNC:8856	0.000000	0.721893	121
HGNC:8855	0.000000	0.727811	122
HGNC:8854	0.000000	0.733728	123
HGNC:8853	0.000000	0.739645	124
HGNC:8860	0.000000	0.745562	125
HGNC:8889	0.000000	0.751479	126
HGNC:8896	0.000000	0.757396	127
HGNC:8877	0.000000	0.763314	128
HGNC:8881	0.000000	0.769231	129
HGNC:8824	0.000000	0.775148	130
HGNC:8820	0.000000	0.781065	131
HGNC:49911	0.000000	0.786982	132
HGNC:8816	0.000000	0.792899	133
HGNC:8811	0.000000	0.798817	134
HGNC:8819	0.000000	0.804734	135
HGNC:8818	0.000000	0.810651	136
HGNC:8851	0.000000	0.816568	137
HGNC:21230	0.000000	0.822485	138
HGNC:8602	0.000000	0.828402	139
HGNC:8609	0.000000	0.834320	140
HGNC:8669	0.000000	0.840237	141
HGNC:8667	0.000000	0.846154	142
HGNC:8666	0.000000	0.852071	143
HGNC:8675	0.000000	0.857988	144
HGNC:8674	0.000000	0.863905	145
HGNC:8673	0.000000	0.869822	146
HGNC:8672	0.000000	0.875740	147
HGNC:8671	0.000000	0.881657	148
HGNC:8670	0.000000	0.887574	149
HGNC:8659	0.000000	0.893491	150
HGNC:8657	0.000000	0.899408	151
HGNC:8665	0.000000	0.905325	152
HGNC:8664	0.000000	0.911243	153
HGNC:8663	0.000000	0.917160	154
HGNC:8661	0.000000	0.923077	155
HGNC:8931	0.000000	0.928994	156
HGNC:8979	0.000000	0.934911	157
HGNC:8977	0.000000	0.940828	158
HGNC:8975	0.000000	0.946746	159
HGNC:8983	0.000000	0.952663	160
HGNC:8980	0.000000	0.958580	161
HGNC:8999	0.000000	0.964497	162
HGNC:8997	0.000000	0.970414	163
HGNC:8996	0.000000	0.976331	164
HGNC:8943	0.000000	0.982249	165
HGNC:8941	0.000000	0.988166	166
HGNC:8940	0.000000	0.994083	167
HGNC:8927	0.000000	1.000000	168
