HGNC:21106	69.036212	0.011905	0
HGNC:21102	0.635119	0.023810	1
HGNC:21194	0.578226	0.035714	2
HGNC:21101	0.477992	0.047619	3
HGNC:21253	0.474775	0.059524	4
HGNC:21263	0.462987	0.071429	5
HGNC:21256	0.458311	0.083333	6
HGNC:21247	0.353432	0.095238	7
HGNC:21173	0.340253	0.107143	8
HGNC:21269	0.313701	0.119048	9
HGNC:21107	0.313558	0.130952	10
HGNC:21204	0.274194	0.142857	11
HGNC:21219	0.263315	0.154762	12
HGNC:21169	0.248401	0.166667	13
HGNC:21168	0.208692	0.178571	14
HGNC:21151	0.199628	0.190476	15
HGNC:21153	0.188020	0.202381	16
HGNC:21182	0.182008	0.214286	17
HGNC:21100	0.181070	0.226190	18
HGNC:21244	0.176749	0.238095	19
HGNC:21145	0.172924	0.250000	20
HGNC:21165	0.164636	0.261905	21
HGNC:21232	0.161717	0.273810	22
HGNC:21257	0.125630	0.285714	23
HGNC:21218	0.120078	0.297619	24
HGNC:21211	0.118704	0.309524	25
HGNC:21202	0.116324	0.321429	26
HGNC:21177	0.115330	0.333333	27
HGNC:21157	0.111304	0.345238	28
HGNC:21154	0.105300	0.357143	29
HGNC:21115	0.104497	0.369048	30
HGNC:21109	0.096959	0.380952	31
HGNC:21144	0.096573	0.392857	32
HGNC:21163	0.095516	0.404762	33
HGNC:21175	0.094300	0.416667	34
HGNC:21197	0.093689	0.428571	35
HGNC:21148	0.092277	0.440476	36
HGNC:21234	0.090537	0.452381	37
HGNC:21185	0.087194	0.464286	38
HGNC:21108	0.087116	0.476190	39
HGNC:21166	0.085448	0.488095	40
HGNC:21246	0.081112	0.500000	41
HGNC:21172	0.080477	0.511905	42
HGNC:21220	0.074747	0.523810	43
HGNC:21199	0.071084	0.535714	44
HGNC:21150	0.070750	0.547619	45
HGNC:21176	0.070531	0.559524	46
HGNC:21143	0.069776	0.571429	47
HGNC:21147	0.069375	0.583333	48
HGNC:21213	0.065331	0.595238	49
HGNC:21186	0.063845	0.607143	50
HGNC:21225	0.063086	0.619048	51
HGNC:21158	0.062959	0.630952	52
HGNC:21162	0.062385	0.642857	53
HGNC:21159	0.060358	0.654762	54
HGNC:21214	0.055612	0.666667	55
HGNC:21114	0.051988	0.678571	56
HGNC:21224	0.050725	0.690476	57
HGNC:21156	0.048286	0.702381	58
HGNC:21155	0.047167	0.714286	59
HGNC:21181	0.046503	0.726190	60
HGNC:21161	0.044253	0.738095	61
HGNC:21203	0.040239	0.750000	62
HGNC:21215	0.032413	0.761905	63
HGNC:21237	0.030179	0.773810	64
HGNC:21228	0.026712	0.785714	65
HGNC:21111	0.000000	0.797619	66
HGNC:21118	0.000000	0.809524	67
HGNC:21205	0.000000	0.821429	68
HGNC:21207	0.000000	0.833333	69
HGNC:21193	0.000000	0.845238	70
HGNC:21209	0.000000	0.857143	71
HGNC:21200	0.000000	0.869048	72
HGNC:21226	0.000000	0.880952	73
HGNC:21191	0.000000	0.892857	74
HGNC:21265	0.000000	0.904762	75
HGNC:21231	0.000000	0.916667	76
HGNC:21230	0.000000	0.928571	77
HGNC:21245	0.000000	0.940476	78
HGNC:21259	0.000000	0.952381	79
HGNC:21251	0.000000	0.964286	80
HGNC:21212	0.000000	0.976190	81
HGNC:21268	0.000000	0.988095	82
HGNC:21113	0.000000	1.000000	83
