HGNC:8853	98.999771	0.005917	0
HGNC:8856	0.242479	0.011834	1
HGNC:8858	0.241038	0.017751	2
HGNC:8854	0.239841	0.023669	3
HGNC:8855	0.238340	0.029586	4
HGNC:8857	0.237054	0.035503	5
HGNC:8851	0.233696	0.041420	6
HGNC:8859	0.218444	0.047337	7
HGNC:8860	0.176629	0.053254	8
HGNC:8940	0.157782	0.059172	9
HGNC:8957	0.156538	0.065089	10
HGNC:8967	0.154964	0.071006	11
HGNC:8966	0.154866	0.076923	12
HGNC:8923	0.148476	0.082840	13
HGNC:8609	0.148016	0.088757	14
HGNC:8975	0.146878	0.094675	15
HGNC:8959	0.146759	0.100592	16
HGNC:8971	0.140937	0.106509	17
HGNC:8983	0.138818	0.112426	18
HGNC:8979	0.135073	0.118343	19
HGNC:21197	0.130712	0.124260	20
HGNC:8977	0.127062	0.130178	21
HGNC:21143	0.125423	0.136095	22
HGNC:8818	0.121339	0.142012	23
HGNC:8980	0.121312	0.147929	24
HGNC:8960	0.118972	0.153846	25
HGNC:8941	0.115642	0.159763	26
HGNC:8907	0.115512	0.165680	27
HGNC:8926	0.107242	0.171598	28
HGNC:8931	0.107117	0.177515	29
HGNC:8999	0.100601	0.183432	30
HGNC:8896	0.097551	0.189349	31
HGNC:8657	0.094932	0.195266	32
HGNC:8964	0.090507	0.201183	33
HGNC:8918	0.087544	0.207101	34
HGNC:8905	0.084444	0.213018	35
HGNC:8881	0.082002	0.218935	36
HGNC:8824	0.079965	0.224852	37
HGNC:8965	0.079833	0.230769	38
HGNC:8811	0.069179	0.236686	39
HGNC:8820	0.068114	0.242604	40
HGNC:8927	0.065125	0.248521	41
HGNC:8943	0.064818	0.254438	42
HGNC:8819	0.052113	0.260355	43
HGNC:8877	0.050756	0.266272	44
HGNC:8659	0.038560	0.272189	45
HGNC:8925	0.031438	0.278107	46
HGNC:8889	0.029268	0.284024	47
HGNC:35412	0.023299	0.289941	48
HGNC:8602	0.022683	0.295858	49
HGNC:8816	0.020657	0.301775	50
HGNC:8661	0.019860	0.307692	51
HGNC:8663	0.019860	0.313609	52
HGNC:8664	0.019860	0.319527	53
HGNC:8665	0.019860	0.325444	54
HGNC:8670	0.019860	0.331361	55
HGNC:8671	0.019860	0.337278	56
HGNC:8673	0.019860	0.343195	57
HGNC:8674	0.019860	0.349112	58
HGNC:8675	0.019860	0.355030	59
HGNC:8666	0.019860	0.360947	60
HGNC:8667	0.019860	0.366864	61
HGNC:49911	0.019860	0.372781	62
HGNC:8669	0.019860	0.378698	63
HGNC:8672	0.019860	0.384615	64
HGNC:8996	0.019848	0.390533	65
HGNC:8973	0.019642	0.396450	66
HGNC:8952	0.010632	0.402367	67
HGNC:8997	0.009560	0.408284	68
HGNC:8864	0.004130	0.414201	69
HGNC:21186	0.000000	0.420118	70
HGNC:21174	0.000000	0.426036	71
HGNC:21173	0.000000	0.431953	72
HGNC:21172	0.000000	0.437870	73
HGNC:21177	0.000000	0.443787	74
HGNC:21176	0.000000	0.449704	75
HGNC:21175	0.000000	0.455621	76
HGNC:21115	0.000000	0.461538	77
HGNC:21114	0.000000	0.467456	78
HGNC:21113	0.000000	0.473373	79
HGNC:21111	0.000000	0.479290	80
HGNC:21118	0.000000	0.485207	81
HGNC:21149	0.000000	0.491124	82
HGNC:21148	0.000000	0.497041	83
HGNC:21147	0.000000	0.502959	84
HGNC:21193	0.000000	0.508876	85
HGNC:21146	0.000000	0.514793	86
HGNC:21144	0.000000	0.520710	87
HGNC:21192	0.000000	0.526627	88
HGNC:21191	0.000000	0.532544	89
HGNC:21199	0.000000	0.538462	90
HGNC:21102	0.000000	0.544379	91
HGNC:21101	0.000000	0.550296	92
HGNC:21100	0.000000	0.556213	93
HGNC:21109	0.000000	0.562130	94
HGNC:21108	0.000000	0.568047	95
HGNC:21107	0.000000	0.573964	96
HGNC:21106	0.000000	0.579882	97
HGNC:21206	0.000000	0.585799	98
HGNC:21167	0.000000	0.591716	99
HGNC:21184	0.000000	0.597633	100
HGNC:21180	0.000000	0.603550	101
HGNC:21198	0.000000	0.609467	102
HGNC:21247	0.000000	0.615385	103
HGNC:21230	0.000000	0.621302	104
HGNC:21207	0.000000	0.627219	105
HGNC:21226	0.000000	0.633136	106
HGNC:21228	0.000000	0.639053	107
HGNC:21194	0.000000	0.644970	108
HGNC:21248	0.000000	0.650888	109
HGNC:21246	0.000000	0.656805	110
HGNC:21245	0.000000	0.662722	111
HGNC:21244	0.000000	0.668639	112
HGNC:21237	0.000000	0.674556	113
HGNC:21234	0.000000	0.680473	114
HGNC:21232	0.000000	0.686391	115
HGNC:21231	0.000000	0.692308	116
HGNC:21239	0.000000	0.698225	117
HGNC:21269	0.000000	0.704142	118
HGNC:21268	0.000000	0.710059	119
HGNC:21265	0.000000	0.715976	120
HGNC:21263	0.000000	0.721893	121
HGNC:21212	0.000000	0.727811	122
HGNC:21251	0.000000	0.733728	123
HGNC:21259	0.000000	0.739645	124
HGNC:21257	0.000000	0.745562	125
HGNC:21256	0.000000	0.751479	126
HGNC:21253	0.000000	0.757396	127
HGNC:21145	0.000000	0.763314	128
HGNC:21204	0.000000	0.769231	129
HGNC:21203	0.000000	0.775148	130
HGNC:21202	0.000000	0.781065	131
HGNC:21200	0.000000	0.786982	132
HGNC:21209	0.000000	0.792899	133
HGNC:21208	0.000000	0.798817	134
HGNC:21205	0.000000	0.804734	135
HGNC:21225	0.000000	0.810651	136
HGNC:21224	0.000000	0.816568	137
HGNC:21222	0.000000	0.822485	138
HGNC:21221	0.000000	0.828402	139
HGNC:21220	0.000000	0.834320	140
HGNC:21159	0.000000	0.840237	141
HGNC:21215	0.000000	0.846154	142
HGNC:21214	0.000000	0.852071	143
HGNC:21213	0.000000	0.857988	144
HGNC:21211	0.000000	0.863905	145
HGNC:21219	0.000000	0.869822	146
HGNC:21218	0.000000	0.875740	147
HGNC:21216	0.000000	0.881657	148
HGNC:21169	0.000000	0.887574	149
HGNC:21162	0.000000	0.893491	150
HGNC:21163	0.000000	0.899408	151
HGNC:21161	0.000000	0.905325	152
HGNC:21168	0.000000	0.911243	153
HGNC:21166	0.000000	0.917160	154
HGNC:21165	0.000000	0.923077	155
HGNC:21152	0.000000	0.928994	156
HGNC:21151	0.000000	0.934911	157
HGNC:21150	0.000000	0.940828	158
HGNC:21158	0.000000	0.946746	159
HGNC:21157	0.000000	0.952663	160
HGNC:21156	0.000000	0.958580	161
HGNC:21155	0.000000	0.964497	162
HGNC:21154	0.000000	0.970414	163
HGNC:21153	0.000000	0.976331	164
HGNC:21185	0.000000	0.982249	165
HGNC:21182	0.000000	0.988166	166
HGNC:21181	0.000000	0.994083	167
HGNC:21238	0.000000	1.000000	168
