HGNC:21106	0.101784	0.011905	0
HGNC:21102	0.019422	0.023810	1
HGNC:21101	0.016957	0.035714	2
HGNC:21194	0.016876	0.047619	3
HGNC:21253	0.015052	0.059524	4
HGNC:21263	0.014761	0.071429	5
HGNC:21256	0.014312	0.083333	6
HGNC:21247	0.013983	0.095238	7
HGNC:21173	0.013931	0.107143	8
HGNC:21204	0.013483	0.119048	9
HGNC:21107	0.013413	0.130952	10
HGNC:21269	0.012371	0.142857	11
HGNC:21219	0.011824	0.154762	12
HGNC:21169	0.011552	0.166667	13
HGNC:21244	0.011244	0.178571	14
HGNC:21177	0.011243	0.190476	15
HGNC:21182	0.011239	0.202381	16
HGNC:21168	0.011169	0.214286	17
HGNC:21202	0.011140	0.226190	18
HGNC:21151	0.011089	0.238095	19
HGNC:21232	0.011079	0.250000	20
HGNC:21145	0.010997	0.261905	21
HGNC:21100	0.010944	0.273810	22
HGNC:21115	0.010912	0.285714	23
HGNC:21257	0.010908	0.297619	24
HGNC:21211	0.010902	0.309524	25
HGNC:21153	0.010887	0.321429	26
HGNC:21108	0.010865	0.333333	27
HGNC:21165	0.010748	0.345238	28
HGNC:21234	0.010661	0.357143	29
HGNC:21157	0.010622	0.369048	30
HGNC:21163	0.010581	0.380952	31
HGNC:21197	0.010541	0.392857	32
HGNC:21218	0.010538	0.404762	33
HGNC:21144	0.010527	0.416667	34
HGNC:21154	0.010523	0.428571	35
HGNC:21148	0.010436	0.440476	36
HGNC:21109	0.010434	0.452381	37
HGNC:21172	0.010393	0.464286	38
HGNC:21246	0.010313	0.476190	39
HGNC:21150	0.010309	0.488095	40
HGNC:21158	0.010308	0.500000	41
HGNC:21220	0.010293	0.511905	42
HGNC:21162	0.010282	0.523810	43
HGNC:21185	0.010263	0.535714	44
HGNC:21186	0.010252	0.547619	45
HGNC:21175	0.010245	0.559524	46
HGNC:21147	0.010194	0.571429	47
HGNC:21213	0.010192	0.583333	48
HGNC:21225	0.010173	0.595238	49
HGNC:21199	0.010161	0.607143	50
HGNC:21176	0.010116	0.619048	51
HGNC:21166	0.010114	0.630952	52
HGNC:21214	0.010092	0.642857	53
HGNC:21161	0.010069	0.654762	54
HGNC:21224	0.010050	0.666667	55
HGNC:21181	0.010048	0.678571	56
HGNC:21159	0.010044	0.690476	57
HGNC:21143	0.010040	0.702381	58
HGNC:21155	0.010036	0.714286	59
HGNC:21114	0.010022	0.726190	60
HGNC:21265	0.009981	0.738095	61
HGNC:21203	0.009969	0.750000	62
HGNC:21156	0.009967	0.761905	63
HGNC:21215	0.009943	0.773810	64
HGNC:21228	0.009919	0.785714	65
HGNC:21237	0.009843	0.797619	66
HGNC:21251	0.009643	0.809524	67
HGNC:21212	0.009555	0.821429	68
HGNC:21259	0.009491	0.833333	69
HGNC:21111	0.009346	0.845238	70
HGNC:21209	0.009332	0.857143	71
HGNC:21200	0.009320	0.869048	72
HGNC:21193	0.009320	0.880952	73
HGNC:21245	0.009310	0.892857	74
HGNC:21231	0.009207	0.904762	75
HGNC:21268	0.009204	0.916667	76
HGNC:21226	0.009114	0.928571	77
HGNC:21113	0.009048	0.940476	78
HGNC:21205	0.009009	0.952381	79
HGNC:21207	0.008941	0.964286	80
HGNC:21191	0.008907	0.976190	81
HGNC:21118	0.008903	0.988095	82
HGNC:21230	0.008768	1.000000	83
