Sample	Net	Kernel	Matrix_Dimensions	Matrix_Elements	Matrix_Elements_Non_Zero	Matrix_Non_Zero_Density	Weigth_Max	Weigth_Min	Weigth_Average	Weigth_Variance	Weigth_Standard_Deviation	Weigth_Q1	Weigth_Median	Weigth_Q3	Weigth_Min_Non_Zero	Weigth_Average_Non_Zero	Weigth_Variance_Non_Zero	Weigth_Standard_Deviation_Non_Zero	Weigth_Q1_Non_Zero	Weigth_Median_Non_Zero	Weigth_Q3_Non_Zero	Node_Elements	Node_Elements_Non_Zero	Node_Non_Zero_Density	Edges_Max	Edges_Min	Edges_Average	Edges_Variance	Edges_Standard_Deviation	Edges_Q1	Edges_Median	Edges_Q3	Edges_Min_Non_Zero	Edges_Average_Non_Zero	Edges_Variance_Non_Zero	Edges_Standard_Deviation_Non_Zero	Edges_Q1_Non_Zero	Edges_Median_Non_Zero	Edges_Q3_Non_Zero
cellular_component_el	cellular_component	el	91x91	8281	8281	1.0	0.670030138125219	0.003212930341947422	0.010989010989011025	3.4560916107857815e-05	0.005878853298718877	0.005092951310644907	0.005788922427211052	0.006941191108152113	0.4486421997304017	0.010989010989011025	3.4560916107857815e-05	0.005878853298718877	0.005092951310644907	0.005788922427211052	0.006941191108152113	91	91	1.0	90.0	90.0	90.0	0.0	0.0	90.0	90.0	90.0	0.4486421997304017	90.0	0.0	0.0	90.0	90.0	90.0
molecular_function_ct	molecular_function	ct	89x89	7921	7921	1.0	0.0918704355728256	-0.0012856006589605955	-3.37264758616877e-20	3.978625777946465e-08	0.00019946492869540912	-0.0003129780765219515	-0.00021515111091151694	-0.00014277441252091147	0.02111112440865636	-3.37264758616877e-20	3.978625777946465e-08	0.00019946492869540912	-0.0003129780765219515	-0.00021515111091151694	-0.00014277441252091147	89	89	1.0	88.0	88.0	88.0	0.0	0.0	88.0	88.0	88.0	0.02111112440865636	88.0	0.0	0.0	88.0	88.0	88.0
molecular_function_ka	molecular_function	ka	89x89	7921	7921	1.0	21.65458870327637	0.09104667105757559	0.7283779387040749	0.055284218780873806	0.23512596364687974	0.35721119427327597	0.4882384985789317	0.6412536324254896	21.65458870327637	0.7283779387040749	0.055284218780873806	0.23512596364687974	0.35721119427327597	0.4882384985789317	0.6412536324254896	89	89	1.0	88.0	88.0	88.0	0.0	0.0	88.0	88.0	88.0	21.65458870327637	88.0	0.0	0.0	88.0	88.0	88.0
molecular_function_el	molecular_function	el	89x89	7921	7921	1.0	0.8085063006255062	0.001698566324489937	0.011235955056179796	1.3217945238871257e-05	0.0036356492183475648	0.005402527896171447	0.0066360994397509565	0.00787505091953057	0.3980091910823763	0.011235955056179796	1.3217945238871257e-05	0.0036356492183475648	0.005402527896171447	0.0066360994397509565	0.00787505091953057	89	89	1.0	88.0	88.0	88.0	0.0	0.0	88.0	88.0	88.0	0.3980091910823763	88.0	0.0	0.0	88.0	88.0	88.0
cellular_component_ct	cellular_component	ct	91x91	8281	8281	1.0	0.04873670526941158	-0.0006089778493636577	1.3406871448196552e-20	1.2536825076500725e-07	0.000354073792824331	-0.0003448678995847574	-0.00028884049049908965	-0.00020786873881722536	0.024291183874554926	1.3406871448196552e-20	1.2536825076500725e-07	0.000354073792824331	-0.0003448678995847574	-0.00028884049049908965	-0.00020786873881722536	91	91	1.0	90.0	90.0	90.0	0.0	0.0	90.0	90.0	90.0	0.024291183874554926	90.0	0.0	0.0	90.0	90.0	90.0
cellular_component_ka	cellular_component	ka	91x91	8281	8281	1.0	1730.4533100219342	0.1868670518849708	19.45102812154138	353.5235851549754	18.802222878026296	0.33636751997768854	0.40809048799473574	0.5339484461695337	1730.4533100219342	19.45102812154138	353.5235851549754	18.802222878026296	0.33636751997768854	0.40809048799473574	0.5339484461695337	91	91	1.0	90.0	90.0	90.0	0.0	0.0	90.0	90.0	90.0	1730.4533100219342	90.0	0.0	0.0	90.0	90.0	90.0
biological_process_ka	biological_process	ka	84x84	7056	6130	0.8687641723356009	69.03621194614769	0.0	0.9931363724951727	0.65615931597531	0.8100366139720537	0.07231767975695094	0.15443429108621703	0.25821646707594614	69.03621194614769	1.1431599093517029	0.7519521231437335	0.8671517301739837	0.10216233589309046	0.1812886473516062	0.275708029095231	84	84	1.0	83.0	22.0	71.97619047619048	0.4251768167584502	0.6520558386813587	64.0	80.0	81.5	69.03621194614769	71.97619047619048	0.4251768167584502	0.6520558386813587	64.0	80.0	81.5
biological_process_ct	biological_process	ct	84x84	7056	7056	1.0	0.15883775884759604	-0.004997698307829741	-2.163487328315746e-20	1.7050972759529984e-06	0.0013057937340763275	-0.0016176287812562505	-0.0007969168650383526	-0.0002035428728401318	0.09929652428300009	-2.163487328315746e-20	1.7050972759529984e-06	0.0013057937340763275	-0.0016176287812562505	-0.0007969168650383526	-0.0002035428728401318	84	84	1.0	83.0	83.0	83.0	0.0	0.0	83.0	83.0	83.0	0.09929652428300009	83.0	0.0	0.0	83.0	83.0	83.0
biological_process_el	biological_process	el	84x84	7056	7056	1.0	0.8794615981477367	4.01618890759102e-05	0.011904761904761845	9.613185247715655e-05	0.009804685230906525	0.0014252714157292656	0.0027507759554144633	0.004319713530873072	0.8174741322718345	0.011904761904761845	9.613185247715655e-05	0.009804685230906525	0.0014252714157292656	0.0027507759554144633	0.004319713530873072	84	84	1.0	83.0	83.0	83.0	0.0	0.0	83.0	83.0	83.0	0.8174741322718345	83.0	0.0	0.0	83.0	83.0	83.0
phenotype_el	phenotype	el	101x101	10201	10201	1.0	0.9622470627434698	4.822792117904266e-05	0.009900990099009938	6.684172949601202e-05	0.008175679145857671	0.0008691595733880405	0.0030164584012268045	0.005824203271603622	0.5378912856856057	0.009900990099009938	6.684172949601202e-05	0.008175679145857671	0.0008691595733880405	0.0030164584012268045	0.005824203271603622	101	101	1.0	100.0	100.0	100.0	0.0	0.0	100.0	100.0	100.0	0.5378912856856057	100.0	0.0	0.0	100.0	100.0	100.0
phenotype_ct	phenotype	ct	101x101	10201	10201	1.0	0.5103930282958514	-0.008888138211746497	-2.0406510843762066e-20	1.2194598939204601e-06	0.0011042915801184306	-0.0017418589779374747	-0.0003152519264749782	0.00030987619109467296	0.031915701123645904	-2.0406510843762066e-20	1.2194598939204601e-06	0.0011042915801184306	-0.0017418589779374747	-0.0003152519264749782	0.00030987619109467296	101	101	1.0	100.0	100.0	100.0	0.0	0.0	100.0	100.0	100.0	0.031915701123645904	100.0	0.0	0.0	100.0	100.0	100.0
phenotype_ka	phenotype	ka	101x101	10201	10201	1.0	96.49525151542343	0.0015996690000760821	1.188150412314022	0.890446379833185	0.943634664387222	0.038788441285904744	0.1734652454076423	0.3881507940227277	96.49525151542343	1.188150412314022	0.890446379833185	0.943634664387222	0.038788441285904744	0.1734652454076423	0.3881507940227277	101	101	1.0	100.0	100.0	100.0	0.0	0.0	100.0	100.0	100.0	96.49525151542343	100.0	0.0	0.0	100.0	100.0	100.0
